# Exported from SPARK3D 2025 (Aluminium ECSS-2020).
# First line is incidence angle in degrees.
# First column is incident energy in eV.
# TEEY is the next columns (excluding the first line).
0	0	
2	0	
4	0	
6	0	
8	0	
10	0.729686
12	0.815298
14	0.893233
16	0.965107
18	1.03202	
20	1.09475	
22	1.15389	
24	1.20991	
26	1.26315	
28	1.31392	
30	1.36245	
32	1.40895	
34	1.45358	
36	1.49649	
38	1.53782	
40	1.57767	
42	1.61614	
44	1.65331	
46	1.68927	
48	1.72408	
50	1.7578	
52	1.7905	
54	1.82222	
56	1.85301	
58	1.88291	
60	1.91196	
62	1.9402	
64	1.96767	
66	1.99439	
68	2.02039	
70	2.0457	
72	2.07035	
74	2.09436	
76	2.11775	
78	2.14055	
80	2.16276	
82	2.18442	
84	2.20554	
86	2.22614	
88	2.24622	
90	2.26581	
92	2.28493	
94	2.30358	
96	2.32177	
98	2.33953	
100	2.35686	
102	2.37377	
104	2.39028	
106	2.40639	
108	2.42211	
110	2.43746	
112	2.45244	
114	2.46706	
116	2.48133	
118	2.49526	
120	2.50886	
122	2.52213	
124	2.53508	
126	2.54772	
128	2.56005	
130	2.57208	
132	2.58383	
134	2.59528	
136	2.60646	
138	2.61736	
140	2.62799	
142	2.63835	
144	2.64846	
146	2.65832	
148	2.66792	
150	2.67729	
152	2.68641	
154	2.6953	
156	2.70396	
158	2.71239	
160	2.7206	
162	2.7286	
164	2.73638	
166	2.74395	
168	2.75131	
170	2.75847	
172	2.76544	
174	2.7722	
176	2.77878	
178	2.78517	
180	2.79137	
182	2.79739	
184	2.80323	
186	2.80889	
188	2.81438	
190	2.8197	
192	2.82485	
194	2.82984	
196	2.83467	
198	2.83934	
200	2.84385	
202	2.8482	
204	2.8524	
206	2.85646	
208	2.86037	
210	2.86413	
212	2.86775	
214	2.87123	
216	2.87457	
218	2.87777	
220	2.88085	
222	2.88379	
224	2.8866	
226	2.88928	
228	2.89184	
230	2.89427	
232	2.89658	
234	2.89877	
236	2.90085	
238	2.9028	
240	2.90465	
242	2.90637	
244	2.90799	
246	2.9095	
248	2.9109	
250	2.91219	
252	2.91338	
254	2.91447	
256	2.91545	
258	2.91633	
260	2.91712	
262	2.9178	
264	2.91839	
266	2.91889	
268	2.91929	
270	2.9196	
272	2.91983	
274	2.91996	
276	2.92	
278	2.91998	
280	2.91992	
282	2.91983	
284	2.9197	
286	2.91953	
288	2.91932	
290	2.91908	
292	2.91881	
294	2.9185	
296	2.91816	
298	2.91778	
300	2.91737	
302	2.91693	
304	2.91645	
306	2.91594	
308	2.91541	
310	2.91484	
312	2.91424	
314	2.91361	
316	2.91295	
318	2.91226	
320	2.91155	
322	2.9108	
324	2.91003	
326	2.90923	
328	2.9084	
330	2.90754	
332	2.90666	
334	2.90575	
336	2.90482	
338	2.90386	
340	2.90287	
342	2.90186	
344	2.90082	
346	2.89977	
348	2.89868	
350	2.89758	
352	2.89644	
354	2.89529	
356	2.89412	
358	2.89292	
360	2.8917	
362	2.89045	
364	2.88919	
366	2.8879	
368	2.88659	
370	2.88527	
372	2.88392	
374	2.88255	
376	2.88116	
378	2.87975	
380	2.87832	
382	2.87688	
384	2.87541	
386	2.87392	
388	2.87242	
390	2.8709	
392	2.86935	
394	2.8678	
396	2.86622	
398	2.86463	
400	2.86301	
402	2.86139	
404	2.85974	
406	2.85808	
408	2.8564	
410	2.8547	
412	2.85299	
414	2.85127	
416	2.84952	
418	2.84777	
420	2.84599	
422	2.8442	
424	2.8424	
426	2.84058	
428	2.83875	
430	2.8369	
432	2.83504	
434	2.83317	
436	2.83128	
438	2.82938	
440	2.82746	
442	2.82553	
444	2.82359	
446	2.82163	
448	2.81966	
450	2.81768	
452	2.81569	
454	2.81368	
456	2.81166	
458	2.80963	
460	2.80759	
462	2.80553	
464	2.80346	
466	2.80139	
468	2.7993	
470	2.7972	
472	2.79508	
474	2.79296	
476	2.79083	
478	2.78868	
480	2.78653	
482	2.78436	
484	2.78218	
486	2.78	
488	2.7778	
490	2.7756	
492	2.77338	
494	2.77115	
496	2.76892	
498	2.76667	
500	2.76442	
502	2.76215	
504	2.75988	
506	2.7576	
508	2.75531	
510	2.75301	
512	2.7507	
514	2.74838	
516	2.74606	
518	2.74372	
520	2.74138	
522	2.73903	
524	2.73667	
526	2.73431	
528	2.73193	
530	2.72955	
532	2.72716	
534	2.72476	
536	2.72236	
538	2.71995	
540	2.71753	
542	2.7151	
544	2.71267	
546	2.71023	
548	2.70778	
550	2.70532	
552	2.70286	
554	2.70039	
556	2.69792	
558	2.69544	
560	2.69295	
562	2.69046	
564	2.68796	
566	2.68545	
568	2.68294	
570	2.68042	
572	2.6779	
574	2.67537	
576	2.67283	
578	2.67029	
580	2.66774	
582	2.66519	
584	2.66263	
586	2.66007	
588	2.6575	
590	2.65493	
592	2.65235	
594	2.64976	
596	2.64717	
598	2.64458	
600	2.64198	
602	2.63938	
604	2.63677	
606	2.63415	
608	2.63154	
610	2.62891	
612	2.62629	
614	2.62366	
616	2.62102	
618	2.61838	
620	2.61574	
622	2.61309	
624	2.61044	
626	2.60778	
628	2.60512	
630	2.60245	
632	2.59979	
634	2.59711	
636	2.59444	
638	2.59176	
640	2.58908	
642	2.58639	
644	2.5837	
646	2.58101	
648	2.57831	
650	2.57561	
652	2.57291	
654	2.5702	
656	2.56749	
658	2.56478	
660	2.56206	
662	2.55934	
664	2.55662	
666	2.55389	
668	2.55117	
670	2.54844	
672	2.5457	
674	2.54297	
676	2.54023	
678	2.53749	
680	2.53474	
682	2.532	
684	2.52925	
686	2.5265	
688	2.52374	
690	2.52099	
692	2.51823	
694	2.51547	
696	2.5127	
698	2.50994	
700	2.50717	
702	2.5044	
704	2.50163	
706	2.49886	
708	2.49608	
710	2.4933	
712	2.49053	
714	2.48774	
716	2.48496	
718	2.48218	
720	2.47939	
722	2.4766	
724	2.47381	
726	2.47102	
728	2.46823	
730	2.46544	
732	2.46264	
734	2.45984	
736	2.45705	
738	2.45425	
740	2.45144	
742	2.44864	
744	2.44584	
746	2.44303	
748	2.44023	
750	2.43742	
752	2.43461	
754	2.4318	
756	2.42899	
758	2.42618	
760	2.42337	
762	2.42056	
764	2.41774	
766	2.41493	
768	2.41211	
770	2.40929	
772	2.40648	
774	2.40366	
776	2.40084	
778	2.39802	
780	2.3952	
782	2.39238	
784	2.38956	
786	2.38673	
788	2.38391	
790	2.38109	
792	2.37826	
794	2.37544	
796	2.37261	
798	2.36979	
800	2.36696	
802	2.36414	
804	2.36131	
806	2.35849	
808	2.35566	
810	2.35283	
812	2.35001	
814	2.34718	
816	2.34435	
818	2.34152	
820	2.3387	
822	2.33587	
824	2.33304	
826	2.33021	
828	2.32739	
830	2.32456	
832	2.32173	
834	2.3189	
836	2.31608	
838	2.31325	
840	2.31042	
842	2.3076	
844	2.30477	
846	2.30194	
848	2.29912	
850	2.29629	
852	2.29346	
854	2.29064	
856	2.28781	
858	2.28499	
860	2.28216	
862	2.27934	
864	2.27652	
866	2.27369	
868	2.27087	
870	2.26805	
872	2.26523	
874	2.26241	
876	2.25959	
878	2.25677	
880	2.25395	
882	2.25113	
884	2.24831	
886	2.24549	
888	2.24268	
890	2.23986	
892	2.23704	
894	2.23423	
896	2.23142	
898	2.2286	
900	2.22579	
902	2.22298	
904	2.22017	
906	2.21736	
908	2.21455	
910	2.21174	
912	2.20893	
914	2.20613	
916	2.20332	
918	2.20052	
920	2.19771	
922	2.19491	
924	2.19211	
926	2.18931	
928	2.18651	
930	2.18371	
932	2.18091	
934	2.17812	
936	2.17532	
938	2.17253	
940	2.16973	
942	2.16694	
944	2.16415	
946	2.16136	
948	2.15857	
950	2.15578	
952	2.153	
954	2.15021	
956	2.14743	
958	2.14465	
960	2.14187	
962	2.13909	
964	2.13631	
966	2.13353	
968	2.13075	
970	2.12798	
972	2.12521	
974	2.12243	
976	2.11966	
978	2.11689	
980	2.11413	
982	2.11136	
984	2.1086	
986	2.10583	
988	2.10307	
990	2.10031	
992	2.09693	
994	2.09546	
996	2.09398	
998	2.09251	
1000	2.09104	
