# Exported from SPARK3D 2025 (Silver ECSS-2020).
# First line is incidence angle in degrees.
# First column is incident energy in eV.
# TEEY is the next columns (excluding the first line).
0	0	
2	0	
4	0	
6	0	
8	0	
10	0.798212
12	0.842623
14	0.884734
16	0.924818
18	0.963093
20	0.999738
22	1.0349	
24	1.06872	
26	1.10129	
28	1.13271	
30	1.16306	
32	1.19242	
34	1.22084	
36	1.24839	
38	1.27511	
40	1.30105	
42	1.32626	
44	1.35076	
46	1.37459	
48	1.39779	
50	1.42038	
52	1.44239	
54	1.46384	
56	1.48475	
58	1.50516	
60	1.52507	
62	1.5445	
64	1.56348	
66	1.58201	
68	1.60012	
70	1.61782	
72	1.63511	
74	1.65202	
76	1.66855	
78	1.68472	
80	1.70054	
82	1.71601	
84	1.73115	
86	1.74597	
88	1.76047	
90	1.77466	
92	1.78855	
94	1.80216	
96	1.81547	
98	1.82852	
100	1.84129	
102	1.8538	
104	1.86604	
106	1.87804	
108	1.88979	
110	1.90131	
112	1.91258	
114	1.92363	
116	1.93445	
118	1.94505	
120	1.95543	
122	1.96561	
124	1.97557	
126	1.98534	
128	1.9949	
130	2.00427	
132	2.01345	
134	2.02244	
136	2.03124	
138	2.03987	
140	2.04832	
142	2.05659	
144	2.06469	
146	2.07263	
148	2.0804	
150	2.08801	
152	2.09546	
154	2.10275	
156	2.10989	
158	2.11688	
160	2.12372	
162	2.13041	
164	2.13696	
166	2.14337	
168	2.14964	
170	2.15577	
172	2.16177	
174	2.16763	
176	2.17337	
178	2.17898	
180	2.18446	
182	2.18981	
184	2.19505	
186	2.20016	
188	2.20515	
190	2.21003	
192	2.2148	
194	2.21944	
196	2.22398	
198	2.22841	
200	2.23273	
202	2.23694	
204	2.24105	
206	2.24505	
208	2.24895	
210	2.25275	
212	2.25645	
214	2.26005	
216	2.26355	
218	2.26696	
220	2.27028	
222	2.2735	
224	2.27663	
226	2.27967	
228	2.28263	
230	2.28549	
232	2.28827	
234	2.29096	
236	2.29357	
238	2.29609	
240	2.29854	
242	2.3009	
244	2.30318	
246	2.30538	
248	2.30751	
250	2.30956	
252	2.31153	
254	2.31343	
256	2.31526	
258	2.31701	
260	2.31869	
262	2.3203	
264	2.32184	
266	2.32331	
268	2.32471	
270	2.32605	
272	2.32731	
274	2.32852	
276	2.32966	
278	2.33073	
280	2.33174	
282	2.33269	
284	2.33358	
286	2.3344	
288	2.33517	
290	2.33588	
292	2.33652	
294	2.33711	
296	2.33765	
298	2.33812	
300	2.33855	
302	2.33891	
304	2.33922	
306	2.33948	
308	2.33969	
310	2.33984	
312	2.33994	
314	2.33999	
316	2.34	
318	2.33997	
320	2.33993	
322	2.33986	
324	2.33978	
326	2.33967	
328	2.33954	
330	2.33939	
332	2.33922	
334	2.33903	
336	2.33882	
338	2.33859	
340	2.33834	
342	2.33807	
344	2.33778	
346	2.33747	
348	2.33715	
350	2.33681	
352	2.33644	
354	2.33606	
356	2.33567	
358	2.33525	
360	2.33482	
362	2.33437	
364	2.3339	
366	2.33342	
368	2.33292	
370	2.33241	
372	2.33187	
374	2.33133	
376	2.33076	
378	2.33018	
380	2.32959	
382	2.32898	
384	2.32835	
386	2.32771	
388	2.32706	
390	2.32639	
392	2.3257	
394	2.32501	
396	2.32429	
398	2.32357	
400	2.32283	
402	2.32207	
404	2.3213	
406	2.32052	
408	2.31973	
410	2.31892	
412	2.3181	
414	2.31727	
416	2.31642	
418	2.31556	
420	2.31469	
422	2.31381	
424	2.31292	
426	2.31201	
428	2.31109	
430	2.31016	
432	2.30922	
434	2.30826	
436	2.3073	
438	2.30632	
440	2.30533	
442	2.30433	
444	2.30332	
446	2.3023	
448	2.30127	
450	2.30023	
452	2.29918	
454	2.29812	
456	2.29704	
458	2.29596	
460	2.29487	
462	2.29376	
464	2.29265	
466	2.29153	
468	2.2904	
470	2.28926	
472	2.2881	
474	2.28694	
476	2.28577	
478	2.2846	
480	2.28341	
482	2.28221	
484	2.28101	
486	2.27979	
488	2.27857	
490	2.27734	
492	2.2761	
494	2.27485	
496	2.27359	
498	2.27233	
500	2.27105	
502	2.26977	
504	2.26848	
506	2.26718	
508	2.26588	
510	2.26457	
512	2.26325	
514	2.26192	
516	2.26058	
518	2.25924	
520	2.25789	
522	2.25653	
524	2.25517	
526	2.2538	
528	2.25242	
530	2.25103	
532	2.24964	
534	2.24824	
536	2.24683	
538	2.24542	
540	2.244	
542	2.24257	
544	2.24114	
546	2.2397	
548	2.23825	
550	2.2368	
552	2.23535	
554	2.23388	
556	2.23241	
558	2.23093	
560	2.22945	
562	2.22796	
564	2.22647	
566	2.22497	
568	2.22346	
570	2.22195	
572	2.22044	
574	2.21891	
576	2.21739	
578	2.21585	
580	2.21431	
582	2.21277	
584	2.21122	
586	2.20967	
588	2.20811	
590	2.20654	
592	2.20497	
594	2.2034	
596	2.20182	
598	2.20023	
600	2.19864	
602	2.19705	
604	2.19545	
606	2.19385	
608	2.19224	
610	2.19062	
612	2.18901	
614	2.18738	
616	2.18576	
618	2.18413	
620	2.18249	
622	2.18085	
624	2.17921	
626	2.17756	
628	2.17591	
630	2.17425	
632	2.17259	
634	2.17093	
636	2.16926	
638	2.16759	
640	2.16591	
642	2.16423	
644	2.16255	
646	2.16086	
648	2.15917	
650	2.15747	
652	2.15578	
654	2.15407	
656	2.15237	
658	2.15066	
660	2.14895	
662	2.14723	
664	2.14551	
666	2.14379	
668	2.14206	
670	2.14033	
672	2.1386	
674	2.13686	
676	2.13512	
678	2.13338	
680	2.13164	
682	2.12989	
684	2.12814	
686	2.12638	
688	2.12462	
690	2.12286	
692	2.1211	
694	2.11933	
696	2.11757	
698	2.11579	
700	2.11402	
702	2.11224	
704	2.11046	
706	2.10868	
708	2.10689	
710	2.10511	
712	2.10332	
714	2.10152	
716	2.09973	
718	2.09793	
720	2.09613	
722	2.09433	
724	2.09252	
726	2.09072	
728	2.08891	
730	2.08709	
732	2.08528	
734	2.08346	
736	2.08164	
738	2.07982	
740	2.078	
742	2.07618	
744	2.07435	
746	2.07252	
748	2.07069	
750	2.06886	
752	2.06702	
754	2.06518	
756	2.06334	
758	2.0615	
760	2.05966	
762	2.05782	
764	2.05597	
766	2.05412	
768	2.05227	
770	2.05042	
772	2.04857	
774	2.04671	
776	2.04485	
778	2.043	
780	2.04114	
782	2.03927	
784	2.03741	
786	2.03555	
788	2.03368	
790	2.03181	
792	2.02994	
794	2.02807	
796	2.0262	
798	2.02433	
800	2.02245	
802	2.02058	
804	2.0187	
806	2.01682	
808	2.01494	
810	2.01306	
812	2.01118	
814	2.00929	
816	2.00741	
818	2.00552	
820	2.00363	
822	2.00175	
824	1.99986	
826	1.99796	
828	1.99607	
830	1.99418	
832	1.99229	
834	1.99039	
836	1.9885	
838	1.9866	
840	1.9847	
842	1.9828	
844	1.9809	
846	1.979	
848	1.9771	
850	1.9752	
852	1.97329	
854	1.97139	
856	1.96949	
858	1.96758	
860	1.96567	
862	1.96377	
864	1.96186	
866	1.95995	
868	1.95804	
870	1.95613	
872	1.95422	
874	1.95231	
876	1.9504	
878	1.94848	
880	1.94657	
882	1.94466	
884	1.94274	
886	1.94083	
888	1.93891	
890	1.937	
892	1.93508	
894	1.93316	
896	1.93124	
898	1.92933	
900	1.92741	
902	1.92549	
904	1.92357	
906	1.92165	
908	1.91973	
910	1.91781	
912	1.91589	
914	1.91397	
916	1.91205	
918	1.91013	
920	1.9082	
922	1.90628	
924	1.90436	
926	1.90244	
928	1.90051	
930	1.89859	
932	1.89667	
934	1.89474	
936	1.89282	
938	1.8909	
940	1.88897	
942	1.88705	
944	1.88512	
946	1.8832	
948	1.88127	
950	1.87935	
952	1.87742	
954	1.8755	
956	1.87358	
958	1.87165	
960	1.86973	
962	1.8678	
964	1.86588	
966	1.86395	
968	1.86203	
970	1.8601	
972	1.85818	
974	1.85625	
976	1.85433	
978	1.8524	
980	1.85048	
982	1.84855	
984	1.84663	
986	1.84471	
988	1.84278	
990	1.84086	
992	1.83893	
994	1.83701	
996	1.83509	
998	1.83316	
1000	1.83124	
