#
#"Secondary Electron Energy @ Incident Angle 0° / eV"	"Vaughan [Real]"
#---------------------------------------------------------------------
0.0000000000000	0.0000000000000
0.10010010004044	0.0035416216123849
0.20020020008087	0.0069893337786198
0.30030030012131	0.010345003567636
0.40040040016174	0.013610466383398
0.50050050020218	0.016787523403764
0.60060060024261	0.019877944141626
0.70070070028305	0.022883469238877
0.80080080032349	0.025805806741118
0.90090090036392	0.028646631166339
1.0010010004044	0.031407594680786
1.1011011600494	0.034090314060450
1.2012012004852	0.036696370691061
1.3013013601303	0.039227340370417
1.4014014005661	0.041684743016958
1.5015015602112	0.044070094823837
1.6016016006470	0.046384867280722
1.7017017602921	0.048630516976118
1.8018018007278	0.050808463245630
1.9019019603729	0.052920114248991
2.0020020008087	0.054966840893030
2.1021020412445	0.056949991732836
2.2022023200989	0.058870900422335
2.3023023605347	0.060730863362551
2.4024024009705	0.062531158328056
2.5025024414062	0.064273037016392
2.6026027202606	0.065957747399807
2.7027027606964	0.067586474120617
2.8028028011322	0.069160431623459
2.9029028415680	0.070680767297745
3.0030031204224	0.072148635983467
3.1031031608582	0.073565162718296
3.2032032012939	0.074931442737579
3.3033032417297	0.076248556375504
3.4034035205841	0.077517583966255
3.5035035610199	0.078739561140537
3.6036036014557	0.079915501177311
3.7037036418915	0.081046424806118
3.8038039207458	0.082133315503597
3.9039039611816	0.083177141845226
4.0040040016174	0.084178850054741
4.1041040420532	0.085139371454716
4.2042040824890	0.086059629917145
4.3043041229248	0.086940526962280
4.4044046401978	0.087782934308052
4.5045046806335	0.088587723672390
4.6046047210693	0.089355744421482
4.7047047615051	0.090087831020355
4.8048048019409	0.090784788131714
4.9049048423767	0.091447442770004
5.0050048828125	0.092076562345028
5.1051049232483	0.092672921717167
5.2052054405212	0.093237295746803
5.3053054809570	0.093770407140255
5.4054055213928	0.094272993505001
5.5055055618286	0.094745770096779
5.6056056022644	0.095189437270164
5.7057056427002	0.095604695379734
5.8058056831360	0.095992200076580
5.9059057235718	0.096352636814117
6.0060062408447	0.096686631441116
6.1061062812805	0.096994839608669
6.2062063217163	0.097277879714966
6.3063063621521	0.097536370158195
6.4064064025879	0.097770899534225
6.5065064430237	0.097982063889503
6.6066064834595	0.098170451819897
6.7067065238953	0.098336614668369
6.8068070411682	0.098481118679047
6.9069070816040	0.098604507744312
7.0070071220398	0.098707310855389
7.1071071624756	0.098790064454079
7.2072072029114	0.098853260278702
7.3073072433472	0.098897427320480
7.4074072837830	0.098923042416573
7.5075073242188	0.098930589854717
7.6076078414917	0.098920553922653
7.7077078819275	0.098893396556377
7.8078079223633	0.098849572241306
7.9079079627991	0.098789520561695
8.0080080032349	0.098713688552380
8.1081085205078	0.098622508347034
8.2082080841064	0.098516389727592
8.3083086013794	0.098395749926567
8.4084081649780	0.098260991275311
8.5085086822510	0.098112508654594
8.6086082458496	0.097950696945190
8.7087087631226	0.097775921225548
8.8088092803955	0.097588568925858
8.9089088439941	0.097388997673988
9.0090093612671	0.097177565097809
9.1091089248657	0.096954621374607
9.2092094421387	0.096720501780510
9.3093090057373	0.096475556492805
9.4094095230103	0.096220098435879
9.5095090866089	0.095954462885857
9.6096096038818	0.095678947865963
9.7097101211548	0.095393881201744
9.8098096847534	0.095099553465843
9.9099102020264	0.094796255230904
10.010009765625	0.094484291970730
10.110110282898	0.094163931906223
10.210209846497	0.093835465610027
10.310310363770	0.093499153852463
10.410410881042	0.093155257403851
10.510510444641	0.092804059386253
10.610610961914	0.092445790767670
10.710710525513	0.092080712318420
10.810811042786	0.091709062457085
10.910910606384	0.091331087052822
11.011011123657	0.090947002172470
11.111110687256	0.090557061135769
11.211211204529	0.090161465108395
11.311311721802	0.089760445058346
11.411411285400	0.089354209601879
11.511511802673	0.088942967355251
11.611611366272	0.088526926934719
11.711711883545	0.088106274604797
11.811811447144	0.087681226432323
11.911911964417	0.087251953780651
12.012012481689	0.086818657815456
12.112112045288	0.086381509900093
12.212212562561	0.085940696299076
12.312312126160	0.085496388375759
12.412412643433	0.085048750042915
12.512512207031	0.084597960114479
12.612612724304	0.084144167602062
12.712712287903	0.083687543869019
12.812812805176	0.083228230476379
12.912913322449	0.082766391336918
13.013012886047	0.082302168011665
13.113113403320	0.081835702061653
13.213212966919	0.081367149949074
13.313313484192	0.080896623432636
13.413413047791	0.080424278974533
13.513513565063	0.079950235784054
13.613614082336	0.079474627971649
13.713713645935	0.078997574746609
13.813814163208	0.078519202768803
13.913913726807	0.078039631247520
14.014014244080	0.077558971941471
14.114113807678	0.077077351510525
14.214214324951	0.076594851911068
14.314313888550	0.076111607253551
14.414414405823	0.075627714395523
14.514514923096	0.075143270194530
14.614614486694	0.074658378958702
14.714715003967	0.074173137545586
14.814814567566	0.073687635362148
14.914915084839	0.073201976716518
15.015014648438	0.072716236114502
15.115115165710	0.072230510413647
15.215215682983	0.071744881570339
15.315315246582	0.071259438991547
15.415415763855	0.070774249732494
15.515515327454	0.070289410650730
15.615615844727	0.069804973900318
15.715715408325	0.069321043789387
15.815815925598	0.068837657570839
15.915915489197	0.068354919552803
16.016016006470	0.067872874438763
16.116115570068	0.067391596734524
16.216217041016	0.066911146044731
16.316316604614	0.066431596875191
16.416416168213	0.065953001379967
16.516515731812	0.065475419163704
16.616617202759	0.064998894929886
16.716716766357	0.064523510634899
16.816816329956	0.064049303531647
16.916917800903	0.063576325774193
17.017017364502	0.063104636967182
17.117116928101	0.062634274363518
17.217216491699	0.062165301293135
17.317317962646	0.061697740107775
17.417417526245	0.061231661587954
17.517517089844	0.060767091810703
17.617618560791	0.060304071754217
17.717718124390	0.059842657297850
17.817817687988	0.059382878243923
17.917917251587	0.058924771845341
18.018018722534	0.058468364179134
18.118118286133	0.058013707399368
18.218217849731	0.057560835033655
18.318317413330	0.057109769433737
18.418418884277	0.056660540401936
18.518518447876	0.056213188916445
18.618618011475	0.055767744779587
18.718719482422	0.055324219167233
18.818819046021	0.054882664233446
18.918918609619	0.054443091154099
19.019018173218	0.054005526006222
19.119119644165	0.053569983690977
19.219219207764	0.053136508911848
19.319318771362	0.052705109119415
19.419420242310	0.052275802940130
19.519519805908	0.051848620176315
19.619619369507	0.051423579454422
19.719718933105	0.051000695675611
19.819820404053	0.050579976290464
19.919919967651	0.050161454826593
20.020019531250	0.049745142459869
20.120121002197	0.049331042915583
20.220220565796	0.048919189721346
20.320320129395	0.048509582877159
20.420419692993	0.048102241009474
20.520521163940	0.047697164118290
20.620620727539	0.047294382005930
20.720720291138	0.046893894672394
20.820821762085	0.046495705842972
20.920921325684	0.046099841594696
21.021020889282	0.045706301927567
21.121120452881	0.045315090566874
21.221221923828	0.044926214963198
21.321321487427	0.044539690017700
21.421421051025	0.044155519455671
21.521520614624	0.043773707002401
21.621622085571	0.043394248932600
21.721721649170	0.043017163872719
21.821821212769	0.042642451822758
21.921922683716	0.042270109057426
22.022022247314	0.041900146752596
22.122121810913	0.041532564908266
22.222221374512	0.041167367249727
22.322322845459	0.040804546326399
22.422422409058	0.040444113314152
22.522521972656	0.040086068212986
22.622623443604	0.039730399847031
22.722723007202	0.039377123117447
22.822822570801	0.039026230573654
22.922922134399	0.038677722215652
23.023023605347	0.038331586867571
23.123123168945	0.037987835705280
23.223222732544	0.037646465003490
23.323324203491	0.037307459861040
23.423423767090	0.036970835179090
23.523523330688	0.036636579781771
23.623622894287	0.036304686218500
23.723724365234	0.035975147038698
23.823823928833	0.035647969692945
23.923923492432	0.035323146730661
24.024024963379	0.035000663250685
24.124124526978	0.034680530428886
24.224224090576	0.034362729638815
24.324323654175	0.034047264605761
24.424425125122	0.033734116703272
24.524524688721	0.033423289656639
24.624624252319	0.033114779740572
24.724723815918	0.032808572053909
24.824825286865	0.032504659146070
24.924924850464	0.032203044742346
25.025024414062	0.031903713941574
25.125125885010	0.031606651842594
25.225225448608	0.031311865895987
25.325325012207	0.031019339337945
25.425424575806	0.030729068443179
25.525526046753	0.030441034585238
25.625625610352	0.030155241489410
25.725725173950	0.029871677979827
25.825826644897	0.029590325430036
25.925926208496	0.029311189427972
26.026025772095	0.029034253209829
26.126125335693	0.028759507462382
26.226226806641	0.028486939147115
26.326326370239	0.028216548264027
26.426425933838	0.027948318049312
26.526527404785	0.027682237327099
26.626626968384	0.027418304234743
26.726726531982	0.027156502008438
26.826826095581	0.026896825060248
26.926927566528	0.026639252901077
27.027027130127	0.026383789256215
27.127126693726	0.026130415499210
27.227228164673	0.025879118591547
27.327327728271	0.025629896670580
27.427427291870	0.025382734835148
27.527526855469	0.025137621909380
27.627628326416	0.024894541129470
27.727727890015	0.024653492495418
27.827827453613	0.024414459243417
27.927927017212	0.024177430197597
28.028028488159	0.023942390456796
28.128128051758	0.023709338158369
28.228227615356	0.023478256538510
28.328329086304	0.023249132558703
28.428428649902	0.023021958768368
28.528528213501	0.022796723991632
28.628627777100	0.022573413327336
28.728729248047	0.022352013736963
28.828828811646	0.022132521495223
28.928928375244	0.021914917975664
29.029029846191	0.021699192002416
29.129129409790	0.021485337987542
29.229228973389	0.021273341029882
29.329328536987	0.021063188090920
29.429430007935	0.020854864269495
29.529529571533	0.020648365840316
29.629629135132	0.020443676039577
29.729730606079	0.020240781828761
29.829830169678	0.020039677619934
29.929929733276	0.019840348511934
30.030029296875	0.019642781466246
30.130130767822	0.019446963444352
30.230230331421	0.019252886995673
30.330329895020	0.019060539081693
30.430431365967	0.018869904801250
30.530530929565	0.018680976703763
30.630630493164	0.018493743613362
30.730730056763	0.018308188766241
30.830831527710	0.018124300986528
30.930931091309	0.017942074686289
31.031030654907	0.017761494964361
31.131130218506	0.017582550644875
31.231231689453	0.017405223101377
31.331331253052	0.017229512333870
31.431430816650	0.017055401578546
31.531532287598	0.016882874071598
31.631631851196	0.016711927950382
31.731731414795	0.016542546451092
31.831830978394	0.016374718397856
31.931932449341	0.016208430752158
32.032032012939	0.016043676063418
32.132133483887	0.015880439430475
32.232231140137	0.015718715265393
32.332332611084	0.015558484010398
32.432434082031	0.015399737283587
32.532531738281	0.015242471359670
32.632633209229	0.015086662024260
32.732730865479	0.014932311140001
32.832832336426	0.014779395423830
32.932933807373	0.014627910219133
33.033031463623	0.014477849006653
33.133132934570	0.014329190365970
33.233234405518	0.014181927777827
33.333332061768	0.014036057516932
33.433433532715	0.013891557231545
33.533535003662	0.013748421333730
33.633632659912	0.013606644235551
33.733734130859	0.013466203585267
33.833835601807	0.013327096588910
33.933933258057	0.013189315795898
34.034034729004	0.013052839785814
34.134132385254	0.012917670421302
34.234233856201	0.012783785350621
34.334335327148	0.012651179917157
34.434432983398	0.012519848532975
34.534534454346	0.012389771640301
34.634635925293	0.012260941788554
34.734733581543	0.012133356183767
34.834835052490	0.012006992474198
34.934936523438	0.011881847865880
35.035034179688	0.011757914908230
35.135135650635	0.011635175906122
35.235237121582	0.011513624340296
35.335334777832	0.011393254622817
35.435436248779	0.011274049058557
35.535533905029	0.011156005784869
35.635635375977	0.011039106175303
35.735736846924	0.010923345573246
35.835834503174	0.010808718390763
35.935935974121	0.010695206932724
36.036037445068	0.010582804679871
36.136135101318	0.010471507906914
36.236236572266	0.010361297056079
36.336338043213	0.010252168402076
36.436435699463	0.010144116356969
36.536537170410	0.010037122294307
36.636634826660	0.0099311871454120
36.736736297607	0.0098262932151556
36.836837768555	0.0097224339842796
36.936935424805	0.0096196057274938
37.037036895752	0.0095177916809916
37.137138366699	0.0094169853255153
37.237236022949	0.0093171838670969
37.337337493896	0.0092183696106076
37.437438964844	0.0091205369681120
37.537536621094	0.0090236822143197
37.637638092041	0.0089277895167470
37.737739562988	0.0088328523561358
37.837837219238	0.0087388679385185
37.937938690186	0.0086458185687661
38.038036346436	0.0085537042468786
38.138137817383	0.0084625091403723
38.238239288330	0.0083722285926342
38.338336944580	0.0082828579470515
38.438438415527	0.0081943823024631
38.538539886475	0.0081067970022559
38.638637542725	0.0080200964584947
38.738739013672	0.0079342667013407
38.838840484619	0.0078493030741811
38.938938140869	0.0077652009204030
39.039039611816	0.0076819458045065
39.139137268066	0.0075995367951691
39.239238739014	0.0075179594568908
39.339340209961	0.0074372091330588
39.439437866211	0.0073572820983827
39.539539337158	0.0072781639173627
39.639640808105	0.0071998499333858
39.739738464355	0.0071223368868232
39.839839935303	0.0070456103421748
39.939941406250	0.0069696661084890
40.040039062500	0.0068945004604757
40.140140533447	0.0068200998939574
40.240242004395	0.0067464602179825
40.340339660645	0.0066735772415996
40.440441131592	0.0066014379262924
40.540538787842	0.0065300413407385
40.640640258789	0.0064593749120831
40.740741729736	0.0063894344493747
40.840839385986	0.0063202152960002
40.940940856934	0.0062517062760890
41.041042327881	0.0061839031986892
41.141139984131	0.0061168009415269
41.241241455078	0.0060503887943923
41.341342926025	0.0059846625663340
41.441440582275	0.0059196180664003
41.541542053223	0.0058552441187203
41.641643524170	0.0057915360666811
41.741741180420	0.0057284911163151
41.841842651367	0.0056660971604288
41.941940307617	0.0056043528020382
42.042041778564	0.0055432477965951
42.142143249512	0.0054827774874866
42.242240905762	0.0054229390807450
42.342342376709	0.0053637209348381
42.442443847656	0.0053051197901368
42.542541503906	0.0052471323870122
42.642642974854	0.0051897475495934
42.742744445801	0.0051329620182514
42.842842102051	0.0050767720676959
42.942943572998	0.0050211679190397
43.043041229248	0.0049661477096379
43.143142700195	0.0049117016606033
43.243244171143	0.0048578265123069
43.343341827393	0.0048045185394585
43.443443298340	0.0047517684288323
43.543544769287	0.0046995724551380
43.643642425537	0.0046479268930852
43.743743896484	0.0045968228951097
43.843845367432	0.0045462572015822
43.943943023682	0.0044962260872126
44.044044494629	0.0044467207044363
44.144145965576	0.0043977373279631
44.244243621826	0.0043492731638253
44.344345092773	0.0043013193644583
44.444442749023	0.0042538745328784
44.544544219971	0.0042069298215210
44.644645690918	0.0041604819707572
44.744743347168	0.0041145281866193
44.844844818115	0.0040690600872040
44.944946289062	0.0040240739472210
45.045043945312	0.0039795674383640
45.145145416260	0.0039355317130685
45.245246887207	0.0038919644430280
45.345344543457	0.0038488621357828
45.445446014404	0.0038062171079218
45.545543670654	0.0037640279624611
45.645645141602	0.0037222867831588
45.745746612549	0.0036809907760471
45.845844268799	0.0036401369143277
45.945945739746	0.0035997179802507
46.046047210693	0.0035597309470177
46.146144866943	0.0035201730206609
46.246246337891	0.0034810365177691
46.346347808838	0.0034423193428665
46.446445465088	0.0034040182363242
46.546546936035	0.0033661262132227
46.646648406982	0.0033286404795945
46.746746063232	0.0032915584743023
46.846847534180	0.0032548734452575
46.946945190430	0.0032185837626457
47.047046661377	0.0031826829072088
47.147148132324	0.0031471683178097
47.247245788574	0.0031120372004807
47.347347259521	0.0030772832687944
47.447448730469	0.0030429037287831
47.547546386719	0.0030088962521404
47.647647857666	0.0029752543196082
47.747749328613	0.0029419756028801
47.847846984863	0.0029090575408190
47.947948455811	0.0028764940798283
48.048049926758	0.0028442826587707
48.148147583008	0.0028124209493399
48.248249053955	0.0027809028979391
48.348346710205	0.0027497275732458
48.448448181152	0.0027188886888325
48.548549652100	0.0026883843820542
48.648647308350	0.0026582118589431
48.748748779297	0.0026283659972250
48.848850250244	0.0025988442357630
48.948947906494	0.0025696442462504
49.049049377441	0.0025407606735826
49.149150848389	0.0025121914222836
49.249248504639	0.0024839341640472
49.349349975586	0.0024559835437685
49.449447631836	0.0024283383972943
49.549549102783	0.0024009936023504
49.649650573730	0.0023739468306303
49.749748229980	0.0023471964523196
49.849849700928	0.0023207371123135
49.949951171875	0.0022945667151362
50.050048828125	0.0022686833981425
50.150150299072	0.0022430820390582
50.250251770020	0.0022177607752383
50.350349426270	0.0021927175112069
50.450450897217	0.0021679475903511
50.550552368164	0.0021434489171952
50.650650024414	0.0021192198619246
50.750751495361	0.0020952555350959
50.850849151611	0.0020715552382171
50.950950622559	0.0020481138490140
51.051052093506	0.0020249302033335
51.151149749756	0.0020020019728690
51.251251220703	0.0019793249666691
51.351352691650	0.0019568973220885
51.451450347900	0.0019347174093127
51.551551818848	0.0019127808045596
51.651653289795	0.0018910856451839
51.751750946045	0.0018696305342019
51.851852416992	0.0018484109314159
51.951950073242	0.0018274262547493
52.052051544189	0.0018066723132506
52.152153015137	0.0017861474771053
52.252250671387	0.0017658501164988
52.352352142334	0.0017457761568949
52.452453613281	0.0017259240848944
52.552551269531	0.0017062923870981
52.652652740479	0.0016868771053851
52.752754211426	0.0016676766099408
52.852851867676	0.0016486895037815
52.952953338623	0.0016299120616168
53.053054809570	0.0016113426536322
53.153152465820	0.0015929798828438
53.253253936768	0.0015748201403767
53.353351593018	0.0015568624949083
53.453453063965	0.0015391035703942
53.553554534912	0.0015215419698507
53.653652191162	0.0015041760634631
53.753753662109	0.0014870024751872
53.853855133057	0.0014700199244544
53.953952789307	0.0014532270142809
54.054054260254	0.0014366202522069
54.154155731201	0.0014201984740794
54.254253387451	0.0014039601664990
54.354354858398	0.0013879021862522
54.454456329346	0.0013720232527703
54.554553985596	0.0013563220854849
54.654655456543	0.0013407954247668
54.754753112793	0.0013254425721243
54.854854583740	0.0013102606171742
54.954956054688	0.0012952482793480
55.055053710938	0.0012804042780772
55.155155181885	0.0012657255865633
55.255256652832	0.0012512110406533
55.355354309082	0.0012368594761938
55.455455780029	0.0012226679828018
55.555557250977	0.0012086353963241
55.655654907227	0.0011947604361922
55.755756378174	0.0011810404248536
55.855854034424	0.0011674747802317
55.955955505371	0.0011540607083589
56.056056976318	0.0011407971614972
56.156154632568	0.0011276828590780
56.256256103516	0.0011147153563797
56.356357574463	0.0011018934892491
56.456455230713	0.0010892160935327
56.556556701660	0.0010766807245091
56.656658172607	0.0010642863344401
56.756755828857	0.0010520317591727
56.856857299805	0.0010399145539850
56.956958770752	0.0010279337875545
57.057056427002	0.0010160882957280
57.157157897949	0.0010043757501990
57.257255554199	0.00099279568530619
57.357357025146	0.00098134565632790
57.457458496094	0.00097002479014918
57.557556152344	0.00095883198082447
57.657657623291	0.00094776507467031
57.757759094238	0.00093682308215648
57.857856750488	0.00092600501375273
57.957958221436	0.00091530871577561
58.058059692383	0.00090473331511021
58.158157348633	0.00089427776401863
58.258258819580	0.00088394008344039
58.358356475830	0.00087371974950656
58.458457946777	0.00086361460853368
58.558559417725	0.00085362384561449
58.658657073975	0.00084374658763409
58.758758544922	0.00083398079732433
58.858860015869	0.00082432565977797
58.958957672119	0.00081478030188009
59.059059143066	0.00080534280277789
59.159160614014	0.00079601228935644
59.259258270264	0.00078678800491616
59.359359741211	0.00077766808681190
59.459461212158	0.00076865166192874
59.559558868408	0.00075973797356710
59.659660339355	0.00075092515908182
59.759757995605	0.00074221281101927
59.859859466553	0.00073359918314964
59.959960937500	0.00072508351877332
60.060058593750	0.00071666500298306
60.160160064697	0.00070834194775671
60.260261535645	0.00070011359639466
60.360359191895	0.00069197925040498
60.460460662842	0.00068393722176552
60.560562133789	0.00067598681198433
60.660659790039	0.00066812726436183
60.760761260986	0.00066035706549883
60.860862731934	0.00065267540048808
60.960960388184	0.00064508162904531
61.061061859131	0.00063757423777133
61.161159515381	0.00063015281921253
61.261260986328	0.00062281580176204
61.361362457275	0.00061556260334328
61.461460113525	0.00060839252546430
61.561561584473	0.00060130405472592
61.661663055420	0.00059429666725919
61.761760711670	0.00058736960636452
61.861862182617	0.00058052153326571
61.961963653564	0.00057375174947083
62.062061309814	0.00056705973111093
62.162162780762	0.00056044402299449
62.262260437012	0.00055390433408320
62.362361907959	0.00054743932560086
62.462463378906	0.00054104835726321
62.562561035156	0.00053473084699363
62.662662506104	0.00052848551422358
62.762763977051	0.00052231177687645
62.862861633301	0.00051620911108330
62.962963104248	0.00051017623627558
63.063064575195	0.00050421257037669
63.163162231445	0.00049831758951768
63.263263702393	0.00049249007133767
63.363365173340	0.00048672946286388
63.463462829590	0.00048103526933119
63.563564300537	0.00047540629748255
63.663661956787	0.00046984222717583
63.763763427734	0.00046434195246547
63.863864898682	0.00045890489127487
63.963962554932	0.00045353060704656
64.064064025879	0.00044821796473116
64.164161682129	0.00044296667329036
64.264266967773	0.00043777545215562
64.364364624023	0.00043264438863844
64.464462280273	0.00042757243500091
64.564567565918	0.00042255857260898
64.664665222168	0.00041760283056647
64.764762878418	0.00041270424844697
64.864868164062	0.00040786177851260
64.964965820312	0.00040307553717867
65.065063476562	0.00039834450581111
65.165168762207	0.00039366772398353
65.265266418457	0.00038904527900741
65.365364074707	0.00038447621045634
65.465461730957	0.00037995990714990
65.565567016602	0.00037549543776549
65.665664672852	0.00037108291871846
65.765762329102	0.00036672136047855
65.865867614746	0.00036240991903469
65.965965270996	0.00035814868169837
66.066062927246	0.00035393668804318
66.166168212891	0.00034977315226570
66.266265869141	0.00034565810346976
66.366363525391	0.00034159066854045
66.466468811035	0.00033757003257051
66.566566467285	0.00033359628287144
66.666664123535	0.00032966854632832
66.766769409180	0.00032578603713773
66.866867065430	0.00032194881350733
66.966964721680	0.00031815608963370
67.067070007324	0.00031440705060959
67.167167663574	0.00031070175464265
67.267265319824	0.00030703947413713
67.367370605469	0.00030341939418577
67.467468261719	0.00029984160210006
67.567565917969	0.00029630537028424
67.667671203613	0.00029280991293490
67.767768859863	0.00028935534646735
67.867866516113	0.00028594088507816
67.967964172363	0.00028256612131372
68.068069458008	0.00027923029847443
68.168167114258	0.00027593353297561
68.268264770508	0.00027267509722151
68.368370056152	0.00026945432182401
68.468467712402	0.00026627126499079
68.568565368652	0.00026312522822991
68.668670654297	0.00026001560036093
68.768768310547	0.00025694238138385
68.868865966797	0.00025390496011823
68.968971252441	0.00025090269627981
69.069068908691	0.00024793561897241
69.169166564941	0.00024500311701559
69.269271850586	0.00024210457922891
69.369369506836	0.00023924004926812
69.469467163086	0.00023640891595278
69.569572448730	0.00023361058265436
69.669670104980	0.00023084512213245
69.769767761230	0.00022811192320660
69.869873046875	0.00022541040380020
69.969970703125	0.00022274063667282
70.070068359375	0.00022010202519596
70.170173645020	0.00021749404550064
70.270271301270	0.00021491671213880
70.370368957520	0.00021236950124148
70.470474243164	0.00020985185983591
70.570571899414	0.00020736383157782
70.670669555664	0.00020490490715019
70.770767211914	0.00020247470820323
70.870872497559	0.00020007276907563
70.970970153809	0.00019769910431933
71.071067810059	0.00019535320461728
71.171173095703	0.00019303458975628
71.271270751953	0.00019074328884017
71.371368408203	0.00018847882165574
71.471473693848	0.00018624069343787
71.571571350098	0.00018402894784231
71.671669006348	0.00018184310465585
71.771774291992	0.00017968272732105
71.871871948242	0.00017754783038981
71.971969604492	0.00017543794820085
72.072074890137	0.00017335264419671
72.172172546387	0.00017129196203314
72.272270202637	0.00016925545060076
72.372375488281	0.00016724267334212
72.472473144531	0.00016525367391296
72.572570800781	0.00016328800120391
72.672676086426	0.00016134527686518
72.772773742676	0.00015942548634484
72.872871398926	0.00015752826584503
72.972976684570	0.00015565316425636
73.073074340820	0.00015380023978651
73.173171997070	0.00015196909953374
73.273269653320	0.00015015946701169
73.373374938965	0.00014837097842246
73.473472595215	0.00014660364831798
73.573570251465	0.00014485709834844
73.673675537109	0.00014313096471597
73.773773193359	0.00014142527652439
73.873870849609	0.00013973964087199
73.973976135254	0.00013807373761665
74.074073791504	0.00013642755220644
74.174171447754	0.00013480074994732
74.274276733398	0.00013319298159331
74.374374389648	0.00013160427624825
74.474472045898	0.00013003427011427
74.574577331543	0.00012848265760113
74.674674987793	0.00012694945326075
74.774772644043	0.00012543430784717
74.874877929688	0.00012393691577017
74.974975585938	0.00012245729158167
75.075073242188	0.00012099510786356
75.175178527832	0.00011955006630160
75.275276184082	0.00011812218144769
75.375373840332	0.00011671114771161
75.475479125977	0.00011531665950315
75.575576782227	0.00011393873137422
75.675674438477	0.00011257707956247
75.775772094727	0.00011123150034109
75.875877380371	0.00010990170994774
75.975975036621	0.00010858773021027
76.076072692871	0.00010728927736636
76.176177978516	0.00010600606765365
76.276275634766	0.00010473812290002
76.376373291016	0.00010348515934311
76.476478576660	0.00010224692232441
76.576576232910	0.00010102341911988
76.676673889160	9.9814387795050e-05
76.776779174805	9.8619559139479e-05
76.876876831055	9.7438962257002e-05
76.976974487305	9.6272335213143e-05
77.077079772949	9.5119430625346e-05
77.177177429199	9.3980255769566e-05
77.277275085449	9.2854570539203e-05
77.377380371094	9.1742134827655e-05
77.477478027344	9.0642948634923e-05
77.577575683594	8.9556786406320e-05
77.677680969238	8.8483415311202e-05
77.777778625488	8.7422842625529e-05
77.877876281738	8.6374835518654e-05
77.977981567383	8.5339168435894e-05
78.078079223633	8.4315863205120e-05
78.178176879883	8.3304694271646e-05
78.278274536133	8.2305516116321e-05
78.378379821777	8.1318110460415e-05
78.478477478027	8.0342499131802e-05
78.578575134277	7.9378456575796e-05
78.678680419922	7.8425786341541e-05
78.778778076172	7.7484495704994e-05
78.878875732422	7.6554380939342e-05
78.978981018066	7.5635231041815e-05
79.079078674316	7.4727075116243e-05
79.179176330566	7.3829702159856e-05
79.279281616211	7.2942922997754e-05
79.379379272461	7.2066744905896e-05
79.479476928711	7.1200978709385e-05
79.579582214355	7.0345435233321e-05
79.679679870605	6.9500129029620e-05
79.779777526855	6.8664863647427e-05
79.879882812500	6.7839479015674e-05
79.979980468750	6.7023967858404e-05
80.080078125000	6.6218155552633e-05
80.180183410645	6.5421867475379e-05
80.280281066895	6.4635110902600e-05
80.380378723145	6.3857725763228e-05
80.480484008789	6.3089530158322e-05
80.580581665039	6.2330531363841e-05
80.680679321289	6.1580576584674e-05
80.780776977539	6.0839549405500e-05
80.880882263184	6.0107289755251e-05
80.980979919434	5.9383808547864e-05
81.081077575684	5.8668945712270e-05
81.181182861328	5.7962544815382e-05
81.281280517578	5.7264616771135e-05
81.381378173828	5.6575008784421e-05
81.481483459473	5.5893568060128e-05
81.581581115723	5.5220301874215e-05
81.681678771973	5.4555061069550e-05
81.781784057617	5.3897707402939e-05
81.881881713867	5.3248240874382e-05
81.981979370117	5.2606523240684e-05
82.082084655762	5.1972416258650e-05
82.182182312012	5.1345919928281e-05
82.282279968262	5.0726903282339e-05
82.382385253906	5.0115228077630e-05
82.482482910156	4.9510897952132e-05
82.582580566406	4.8913789214566e-05
82.682685852051	4.8323759983759e-05
82.782783508301	4.7740824811626e-05
82.882881164551	4.7164852730930e-05
82.982986450195	4.6595720050391e-05
83.083084106445	4.6033430407988e-05
83.183181762695	4.5477856474463e-05
83.283287048340	4.4928885472473e-05
83.383384704590	4.4386517402017e-05
83.483482360840	4.3850632209796e-05
83.583580017090	4.3321153498255e-05
83.683685302734	4.2797968490049e-05
83.783782958984	4.2281080823159e-05
83.883880615234	4.1770374082262e-05
83.983985900879	4.1265739127994e-05
84.084083557129	4.0767183236312e-05
84.184181213379	4.0274593629874e-05
84.284286499023	3.9787861169316e-05
84.384384155273	3.9306993130594e-05
84.484481811523	3.8831880374346e-05
84.584587097168	3.8362421037164e-05
84.684684753418	3.7898622395005e-05
84.784782409668	3.7440375308506e-05
84.884887695312	3.6987585190218e-05
84.984985351562	3.6540255678119e-05
85.085083007812	3.6098281270824e-05
85.185188293457	3.5661574656842e-05
85.285285949707	3.5230132198194e-05
85.385383605957	3.4803862945409e-05
85.485488891602	3.4382672311040e-05
85.585586547852	3.3966563933063e-05
85.685684204102	3.3555446862010e-05
85.785789489746	3.3149226510432e-05
85.885887145996	3.2747910154285e-05
85.985984802246	3.2351410482079e-05
86.086082458496	3.1959665648174e-05
86.186187744141	3.1572595617035e-05
86.286285400391	3.1190196750686e-05
86.386383056641	3.0812392651569e-05
86.486488342285	3.0439092370216e-05
86.586585998535	3.0070303182583e-05
86.686683654785	2.9705941415159e-05
86.786788940430	2.9345928851399e-05
86.886886596680	2.8990267310292e-05
86.986984252930	2.8638878575293e-05
87.087089538574	2.8291686248849e-05
87.187187194824	2.7948692149948e-05
87.287284851074	2.7609818062047e-05
87.387390136719	2.7274993044557e-05
87.487487792969	2.6944217097480e-05
87.587585449219	2.6617417461239e-05
87.687690734863	2.6294525014237e-05
87.787788391113	2.5975537937484e-05
87.887886047363	2.5660387109383e-05
87.987991333008	2.5349003408337e-05
88.088088989258	2.5041390472325e-05
88.188186645508	2.4737477360759e-05
88.288291931152	2.4437198590022e-05
88.388389587402	2.4140557798091e-05
88.488487243652	2.3847485863371e-05
88.588584899902	2.3557940949104e-05
88.688690185547	2.3271861209651e-05
88.788787841797	2.2989248464000e-05
88.888885498047	2.2710037228535e-05
88.988990783691	2.2434169295593e-05
89.089088439941	2.2161642846186e-05
89.189186096191	2.1892401491641e-05
89.289291381836	2.1626383386320e-05
89.389389038086	2.1363590349210e-05
89.489486694336	2.1103964172653e-05
89.589591979980	2.0847446648986e-05
89.689689636230	2.0594041416189e-05
89.789787292480	2.0343692085589e-05
89.889892578125	2.0096342268516e-05
89.989990234375	1.9851991964970e-05
90.090087890625	1.9610590243246e-05
90.190193176270	1.9372080714675e-05
90.290290832520	1.9136467017233e-05
90.390388488770	1.8903694581240e-05
90.490493774414	1.8673714293982e-05
90.590591430664	1.8446527974447e-05
90.690689086914	1.8222081052954e-05
90.790794372559	1.8000326235779e-05
90.890892028809	1.7781267160899e-05
90.990989685059	1.7564851077623e-05
91.091087341309	1.7351048882119e-05
91.191192626953	1.7139811461675e-05
91.291290283203	1.6931142454268e-05
91.391387939453	1.6724992747186e-05
91.491493225098	1.6521316865692e-05
91.591590881348	1.6320118447766e-05
91.691688537598	1.6121350199683e-05
91.791793823242	1.5924970284686e-05
91.891891479492	1.5730978702777e-05
91.991989135742	1.5539329979219e-05
92.092094421387	1.5349984096247e-05
92.192192077637	1.5162941963354e-05
92.292289733887	1.4978161743784e-05
92.392395019531	1.4795601600781e-05
92.492492675781	1.4615263353335e-05
92.592590332031	1.4437106074183e-05
92.692695617676	1.4261090655054e-05
92.792793273926	1.4087217095948e-05
92.892890930176	1.3915448107582e-05
92.992996215820	1.3745744581684e-05
93.093093872070	1.3578107427747e-05
93.193191528320	1.3412499356491e-05
93.293296813965	1.3248883988126e-05
93.393394470215	1.3087261322653e-05
93.493492126465	1.2927594980283e-05
93.593589782715	1.2769862223649e-05
93.693695068359	1.2614027582458e-05
93.793792724609	1.2460091966204e-05
93.893890380859	1.2308021723584e-05
93.993995666504	1.2157781384303e-05
94.094093322754	1.2009373676847e-05
94.194190979004	1.1862763130921e-05
94.294296264648	1.1717917914211e-05
94.394393920898	1.1574839845707e-05
94.494491577148	1.1433496183599e-05
94.594596862793	1.1293854186079e-05
94.694694519043	1.1155916581629e-05
94.794792175293	1.1019650628441e-05
94.894897460938	1.0885027222685e-05
94.994995117188	1.0752047273854e-05
95.095092773438	1.0620678949635e-05
95.195198059082	1.0490894965187e-05
95.295295715332	1.0362694411015e-05
95.395393371582	1.0236050002277e-05
95.495498657227	1.0110932635143e-05
95.595596313477	9.9873423096142e-06
95.695693969727	9.8652526503429e-06
95.795799255371	9.7446354629938e-06
95.895896911621	9.6254907475668e-06
95.995994567871	9.5077930382104e-06
96.096099853516	9.3915159595781e-06
96.196197509766	9.2766586021753e-06
96.296295166016	9.1631964096450e-06
96.396392822266	9.0511130110826e-06
96.496498107910	8.9403811216471e-06
96.596595764160	8.8310034698225e-06
96.696693420410	8.7229545897571e-06
96.796798706055	8.6162108345889e-06
96.896896362305	8.5107712948229e-06
96.996994018555	8.4066132330918e-06
97.097099304199	8.3037139120279e-06
97.197196960449	8.2020724221366e-06
97.297294616699	8.1016669355449e-06
97.397399902344	8.0024747148855e-06
97.497497558594	7.9044957601582e-06
97.597595214844	7.8077082434902e-06
97.697700500488	7.7120903370087e-06
97.797798156738	7.6176424954610e-06
97.897895812988	7.5243433457217e-06
97.998001098633	7.4321724241599e-06
98.098098754883	7.3411297307757e-06
98.198196411133	7.2511948019383e-06
98.298301696777	7.1623476287641e-06
98.398399353027	7.0745882112533e-06
98.498497009277	6.9878969952697e-06
98.598602294922	6.9022544266772e-06
98.698699951172	6.8176605054759e-06
98.798797607422	6.7340970417717e-06
98.898895263672	6.6515503931441e-06
98.999000549316	6.5700028244464e-06
99.099098205566	6.4894547904260e-06
99.199195861816	6.4098876464413e-06
99.299301147461	6.3312836573459e-06
99.399398803711	6.2536428231397e-06
99.499496459961	6.1769483181706e-06
99.599601745605	6.1011819525447e-06
99.699699401855	6.0263450905040e-06
99.799797058105	5.9524199969019e-06
99.899902343750	5.8793898460863e-06
100.00000000000	5.8072560022993e-06
